4.969167853056909223e+01 1.439209391825922957e+01
1.960731143788429875e+01 5.705118476323463028e+01
3.442621474488040434e+01 6.925970420485340640e+01
7.580324063304409776e+01 7.993133955534077018e+01
2.842781694668864390e+01 4.396397293231394343e+01
2.670014226003389979e+01 4.488693933193724916e+01
5.864704834839926662e+01 8.633440426074072604e+01
9.380655432299073482e+01 6.153658569335940243e+00
7.807104135290485658e+01 8.176834221197033514e+01
8.690208371873850979e+01 2.682487515572421444e+01
