8.162643661592140276e+00 4.147459858998848858e+01
1.659998137698817544e+01 3.604395011325101450e+01
1.496613620619925200e+01 4.124302532301995683e+01
1.612754170751178862e+01 4.656922902966118016e+01
-2.652332408718654833e+00 4.773809484526886138e+01
3.012328943214233945e+00 3.614359048382346629e+01
3.022738116229620964e+00 2.814069810427395169e+01
6.736239480522886680e+00 4.450337141702642185e+01
1.084730333652112932e+01 4.673922184325530083e+01
1.293797067822138480e+01 4.634244367407060849e+01
1.007548090016469899e+01 4.086496455282919982e+01
1.095702679486417885e+01 3.862347646746714247e+01
2.065255260701198026e+00 3.439258871948787544e+01
1.716200299412249564e+01 3.556933580063765987e+01
8.940833128928360907e+00 2.797556817222838532e+01
6.298639665520932240e+00 2.592138268214375785e+01
1.273855437689305958e+01 4.266578899843011641e+01
7.033341151632979127e+00 4.381726713631427828e+01
4.774164922289926061e+00 4.646583516601019426e+01
1.304085943370001566e+01 3.234716573536518780e+01
2.231820878690420784e+01 3.706292947856196207e+01
7.452497178515909759e+00 4.408749948387262663e+01
4.315640047276145808e+00 4.291924902021839472e+01
9.292890340919290892e+00 3.199107499924413389e+01
1.014073223631410414e+01 3.010108255948991740e+01
-2.266376322280292399e+00 3.625474570548772846e+01
2.799250734257253903e+00 4.870756314314062507e+01
1.857277697720575382e+00 4.076776415677651499e+01
7.034818216262159751e-01 2.923161068565059750e+01
2.279445758228089147e+00 4.004064061165284016e+01
7.793926017032964282e+00 3.804306344096806214e+01
1.396819476061666698e+01 4.106693983616971622e+01
4.790100676225293341e+00 3.190367737354778654e+01
1.111926783375541561e+01 3.808284222004360231e+01
-3.332728589252859308e+00 4.049514477418620118e+01
1.034968088841555556e+01 3.000176276441645840e+01
-3.119263333045621422e+00 4.739689996864456134e+01
9.886766662185317855e+00 4.293125687739819796e+01
7.412788245619767125e+00 4.189874118346528320e+01
-3.501935642390971992e-01 4.420547779977903957e+01
3.438366275106435666e+00 3.982346215446984417e+01
3.977413916691326712e+00 4.930591782570203918e+01
1.169323831266529368e+01 4.376145845731851125e+01
1.296384487325243207e+01 4.491493562861064248e+01
6.191479002362179074e+00 3.796046178199894428e+01
3.982058596692111596e+00 4.750657118436699022e+01
-1.285553578057490043e+00 3.084214179970856406e+01
4.933587042528030153e+00 3.794152214187743510e+01
5.539583638693929224e+00 3.920334447986596871e+01
6.269982552160016098e+00 4.878001855760918204e+01
5.808024182346524178e+00 3.833877666777932092e+01
7.197423501436998272e+00 4.236778190543110867e+01
7.116385012153727985e+00 2.990641960139351596e+01
7.763660758858636157e+00 3.394357246175012932e+01
7.406677720764048622e+00 3.514341006715885385e+01
5.577936431873514955e+00 3.862784367384179518e+01
1.071436891455929441e+01 3.550232411189549708e+01
8.087041586382776259e+00 2.657049137308284870e+01
-9.391882088773897408e-01 4.313052335795485703e+01
1.225062155675176534e+01 3.862218772710422598e+01
1.487187659726755484e+00 3.098450046253297785e+01
8.190871918538539020e+00 3.622733708103391592e+01
8.652851615619965742e+00 3.743628217396484104e+01
1.106780070631112878e+01 4.701749764161517220e+01
6.142852583151325874e+00 4.531159489472717894e+01
1.010218455386833902e+01 4.162205523475098801e+01
2.578692045476848271e+00 4.302777553169750746e+01
1.251264395168637122e+01 3.996944069036123892e+01
2.907578721317586101e+00 4.214766582621309965e+01
-3.218169284160012467e+00 3.110255377840216795e+01
6.913786442098718510e+00 4.069848835080385641e+01
1.176854836701888729e+00 3.983993099478360733e+01
1.322587172651081211e+01 4.032001986428436169e+01
-3.404948160300099502e+00 3.572627124694236755e+01
7.134069517065184662e+00 3.925029755152143451e+01
-1.074723021594596872e+00 3.716469438502404898e+01
8.288009173590628720e+00 4.146634468360628034e+01
7.344469705756439204e+00 4.728639619157193863e+01
2.100112257602285837e+01 3.986183147363351509e+01
4.087621910030206251e+00 3.436984591235375319e+01
5.175859866747237525e+00 3.611181492937202364e+01
1.843631118360467980e+01 4.623704326114069829e+01
5.141496658914163298e+00 4.152333514993628683e+01
7.327176826482503458e+00 4.202432443586374688e+01
5.365233124354062255e+01 4.527476923237644968e+01
5.290507166377053494e+01 6.328169395324523094e+01
6.027835389865702354e+01 5.126075644505171880e+01
5.853011063214714937e+01 4.623179827003043130e+01
5.839097527634723406e+01 5.924270072539251686e+01
7.163343896961092128e+01 5.639020593313320262e+01
6.813214562518621165e+01 6.100923261479719883e+01
6.875649287852614577e+01 5.742407464515961379e+01
7.620118553850632281e+01 6.423579101339451825e+01
6.915512224183711965e+01 6.151106052557941695e+01
7.036433534102813780e+01 6.141055360572395472e+01
6.611219408621062144e+01 6.671262626642295857e+01
7.616364396418336469e+01 5.620137207470792617e+01
6.369899351204086457e+01 6.078868441642116949e+01
5.529427293381521480e+01 6.693329048442151930e+01
6.683091747185014242e+01 6.937236933909476022e+01
